<?xml version="1.0" encoding="UTF-8" standalone="no"?>
<!-- Created with Inkscape (http://www.inkscape.org/) -->
<svg xmlns:inkscape="http://www.inkscape.org/namespaces/inkscape" xmlns:rdf="http://www.w3.org/1999/02/22-rdf-syntax-ns#" xmlns="http://www.w3.org/2000/svg" xmlns:cc="http://creativecommons.org/ns#" xmlns:dc="http://purl.org/dc/elements/1.1/" xmlns:sodipodi="http://sodipodi.sourceforge.net/DTD/sodipodi-0.dtd" xmlns:svg="http://www.w3.org/2000/svg" xmlns:ns1="http://sozi.baierouge.fr" xmlns:xlink="http://www.w3.org/1999/xlink" id="svg2" sodipodi:docname="Новый документ 1" viewBox="0 0 600.01 550.27" version="1.1" inkscape:version="0.48.0 r9654">
  <sodipodi:namedview id="base" fit-margin-left="0" inkscape:snap-center="true" inkscape:zoom="0.49497475" borderopacity="1.0" inkscape:snap-intersection-paths="true" inkscape:cx="61.01252" inkscape:cy="467.02177" inkscape:object-paths="true" inkscape:window-maximized="1" showgrid="false" fit-margin-right="0" inkscape:snap-midpoints="true" inkscape:snap-global="false" showguides="true" bordercolor="#666666" inkscape:window-x="-4" inkscape:guide-bbox="true" inkscape:object-nodes="true" inkscape:window-y="-4" fit-margin-bottom="0" inkscape:window-width="1280" inkscape:pageopacity="0.0" inkscape:pageshadow="2" pagecolor="#ffffff" inkscape:snap-object-midpoints="true" inkscape:document-units="px" inkscape:current-layer="layer1" inkscape:window-height="904" showborder="false" fit-margin-top="0"/>
  <g id="layer1" inkscape:label="Layer 1" inkscape:groupmode="layer" transform="translate(944.5 -429.76)">
    <g id="g3840" transform="matrix(.41923 0 0 .41923 -548.54 569.18)">
      <g id="g3781" transform="matrix(.20283 .97921 -.97921 .20283 589.59 -407.14)">
        <path id="path2869" style="fill:#000000" d="m333.7 334.61c-62.469-37.178-143.25-16.676-180.43 45.793-0.60286 1.013-1.1821 2.0432-1.7522 3.0665 38.162-59.429 116.88-78.303 178.04-41.904 61.159 36.398 82.109 114.59 48.073 176.47 0.62753-0.98912 1.2568-1.9896 1.8597-3.0025 37.178-62.469 16.676-143.25-45.793-180.43z" inkscape:transform-center-x="-14.780364" inkscape:transform-center-y="-37.447162" inkscape:connector-curvature="0"/>
        <path id="path2875" sodipodi:nodetypes="ccccccccccccccccccccccccscc" style="fill:#000000" inkscape:connector-curvature="0" d="m256.55 218.27 6.1622 225.76 52.099-109.24-49.298 117.08 140.05-142.85-128.85 142.85 219.6-12.885-217.92 23.528 119.32 53.779l-125.48-44.8 122.13 183.74-129.97-177.58 40.34 161.9-45.94-159.1-14.57 87.39 7.29-86.83-137.25 177.58 128.84-183.74-207.27 68.34 203.91-76.75-153.49-5.04 152.37-1.68-170.3-146.21 175.9 138.93s-81.789-216.24-79.549-208.39c2.2408 7.8428 86.271 199.99 86.271 199.99z"/>
        <path id="path2879" style="fill:#000000" inkscape:connector-curvature="0" d="m178.19 402.59c-9.5427 15.009-15.094 32.804-15.094 51.906 0 53.519 43.388 96.906 96.906 96.906 34.46 0 64.696-17.996 81.875-45.094-17.688 23.403-45.747 38.531-77.344 38.531-53.519 0-96.906-43.388-96.906-96.906 0-12.262 2.3065-23.988 6.4688-34.781 1.1676-3.614 2.5277-7.1475 4.0938-10.562z"/>
        <path id="path2882" style="fill:#000000" inkscape:connector-curvature="0" d="m260 394.09c-33.364 0-60.406 27.043-60.406 60.406 0 21.085 10.814 39.632 27.188 50.438-14.376-11.041-23.656-28.38-23.656-47.906 0-33.364 27.043-60.406 60.406-60.406 12.07 0 23.313 3.5264 32.75 9.625 0.0729 0.0415 0.14599 0.0831 0.21875 0.125-10.14-7.6996-22.786-12.281-36.5-12.281z"/>
        <path id="path2912" style="fill:#000000" inkscape:connector-curvature="0" d="m134.22 318.93c-9.4569 8.1688-18.203 17.261-26.104 27.134-2.6361 4.4578-5.1288 9.0142-7.4428 13.687-12.08 21.327-20.564 45.19-24.377 70.889-8.9881 60.571 9.4583 118.88 45.996 162.33-41.29-51.01-57.476-120.88-37.159-188.46 7.4794-24.881 19.331-47.287 34.36-66.649 4.5736-6.6207 9.4707-12.962 14.731-18.936z"/>
        <path id="path2905" style="fill:#000000" d="m443.58 351.72c2.0701 4.4576 3.9528 8.9906 5.6973 13.578 0.0289 0.0604 0.0505 0.12344 0.0793 0.18373 22.733 47.645 27.202 103.99 7.9823 157.61-19.59 54.662-59.973 95.899-109.05 117.98 40.61-17.936 75.738-49.096 98.203-91.331 34.286-64.46 30.687-138.93-2.9101-198.03z" inkscape:transform-center-x="-149.42171" inkscape:transform-center-y="41.894479" inkscape:connector-curvature="0"/>
        <path id="path2917" style="fill:#000000" d="m172.8 263.03c4.6139-1.6932 9.2875-3.1933 14.004-4.5513 0.0626-0.0238 0.1272-0.0401 0.18968-0.0638 49.366-18.703 105.88-18.482 157.73 5.1198 52.848 24.057 90.594 67.722 108.53 118.46-14.5-41.95-42.64-79.54-82.87-105.43-61.39-39.52-135.9-42.11-197.58-13.53z" inkscape:transform-center-x="-53.026495" inkscape:transform-center-y="-141.55842" inkscape:connector-curvature="0"/>
      </g>
      <g id="g3799" transform="translate(316.82 568.55)">
        <path id="path2919" style="fill:#000000" d="m-202.15-97.804c-46.608-27.739-106.88-12.442-134.62 34.166-0.4498 0.75578-0.88198 1.5244-1.3074 2.2879 28.473-44.34 87.204-58.422 132.83-31.265 45.631 27.157 61.261 85.494 35.867 131.67 0.4682-0.73798 0.9377-1.4844 1.3875-2.2402 27.739-46.608 12.442-106.88-34.166-134.62z" inkscape:transform-center-x="-11.027642" inkscape:transform-center-y="-27.939356" inkscape:connector-curvature="0"/>
        <path id="path2921" d="m-259.72-184.6 4.5976 168.44 38.871-81.504-36.781 87.355l104.49-106.58-96.13 106.58 163.84-9.615-162.59 17.555 89.03 40.124-93.63-33.437 91.12 137.09-96.97-132.5 30.1 120.8-34.28-118.71-10.86 65.207 5.43-64.785-102.4 132.5 96.13-137.1-154.65 50.997 152.14-57.262-114.52-3.7614 113.69-1.2539-127.07-109.09 131.25 103.66s-61.023-161.34-59.351-155.48c1.6719 5.8515 64.367 149.21 64.367 149.21z" sodipodi:nodetypes="ccccccccccccccccccccccccscc" style="fill:#000000" inkscape:connector-curvature="0"/>
        <path id="path2923" style="fill:#000000" inkscape:connector-curvature="0" d="m-318.18-47.083c-7.1198 11.198-11.261 24.475-11.261 38.727 0 39.93 32.371 72.302 72.302 72.302 25.71 0 48.269-13.426 61.087-33.644-13.197 17.461-34.132 28.748-57.706 28.748-39.93 0-72.302-32.371-72.302-72.302 0-9.1489 1.7209-17.897 4.8263-25.95 0.87119-2.6964 1.8859-5.3328 3.0544-7.8807z"/>
        <path id="path2925" style="fill:#000000" inkscape:connector-curvature="0" d="m-257.14-53.425c-24.893 0-45.069 20.177-45.069 45.069 0 15.731 8.0686 29.569 20.285 37.631-10.726-8.2379-17.65-21.174-17.65-35.743 0-24.893 20.177-45.069 45.069-45.069 9.0058 0 17.394 2.631 24.435 7.1812 0.0545 0.031 0.10892 0.06204 0.16321 0.09326-7.5652-5.7447-17.001-9.1631-27.233-9.1631z"/>
        <path id="path2927" d="m-350.99-109.51c-7.0558 6.0947-13.581 12.878-19.476 20.245-1.9668 3.326-3.8266 6.7255-5.5531 10.212-9.0128 15.912-15.343 33.716-18.188 52.891-6.706 45.192 7.0569 88.697 34.317 121.12-30.809-38.054-42.886-90.184-27.727-140.61 5.5804-18.564 14.423-35.281 25.636-49.727 3.4123-4.9397 7.0661-9.6708 10.991-14.128z" style="fill:#000000" inkscape:connector-curvature="0"/>
        <path id="path2929" style="fill:#000000" d="m-120.17-85.04c1.5445 3.3258 2.9492 6.7079 4.2507 10.131 0.0216 0.04506 0.0377 0.0921 0.0592 0.13708 16.961 35.548 20.296 77.584 5.9556 117.6-14.616 40.783-44.746 71.551-81.363 88.027 30.3-13.382 56.508-36.631 73.269-68.142 25.581-48.094 22.896-103.66-2.1712-147.75z" inkscape:transform-center-x="-111.48369" inkscape:transform-center-y="31.257506" inkscape:connector-curvature="0"/>
        <path id="path2931" style="fill:#000000" d="m-322.2-151.21c3.4424-1.2633 6.9294-2.3825 10.448-3.3957 0.0467-0.0178 0.0949-0.0299 0.14152-0.0476 36.832-13.954 79.001-13.79 117.68 3.8199 39.43 17.949 67.592 50.527 80.974 88.385-10.823-31.305-31.817-59.352-61.829-78.669-45.806-29.482-101.4-31.415-147.42-10.092z" inkscape:transform-center-x="-39.563109" inkscape:transform-center-y="-105.61685" inkscape:connector-curvature="0"/>
      </g>
      <g id="g3790" transform="matrix(.54066 -.84124 .84124 .54066 -301.29 424.17)">
        <path id="path2933" style="fill:#000000" d="m482.25-406.38c-46.608-27.739-106.88-12.442-134.62 34.166-0.4498 0.75578-0.88198 1.5244-1.3074 2.2879 28.473-44.34 87.204-58.422 132.83-31.265 45.631 27.157 61.261 85.494 35.867 131.67 0.4682-0.73798 0.9377-1.4844 1.3875-2.2402 27.739-46.608 12.442-106.88-34.166-134.62z" inkscape:transform-center-x="-11.027642" inkscape:transform-center-y="-27.939356" inkscape:connector-curvature="0"/>
        <path id="path2935" sodipodi:nodetypes="ccccccccccccccccccccccccscc" style="fill:#000000" inkscape:connector-curvature="0" d="m424.68-493.18 4.5976 168.44 38.871-81.504-36.781 87.355 104.49-106.58-96.132 106.58 163.84-9.6132-162.59 17.555 89.027 40.125-93.625-33.437 91.117 137.09-96.968-132.5 30.094 120.79-34.273-118.7-10.867 65.203 5.4336-64.785-102.4 132.5 96.132-137.09l-154.64 51 152.14-57.261-114.52-3.7617 113.69-1.2539-127.06-109.09 131.24 103.66s-61.023-161.34-59.351-155.48c1.6719 5.8515 64.367 149.21 64.367 149.21z"/>
        <path id="path2937" style="fill:#000000" inkscape:connector-curvature="0" d="m366.21-355.65c-7.1198 11.198-11.261 24.475-11.261 38.727 0 39.93 32.371 72.302 72.302 72.302 25.71 0 48.269-13.426 61.087-33.644-13.197 17.461-34.132 28.748-57.706 28.748-39.93 0-72.302-32.371-72.302-72.302 0-9.1489 1.7209-17.897 4.8263-25.95 0.87119-2.6964 1.8859-5.3328 3.0544-7.8807z"/>
        <path id="path2939" style="fill:#000000" inkscape:connector-curvature="0" d="m427.25-362c-24.893 0-45.069 20.177-45.069 45.069 0 15.731 8.0686 29.569 20.285 37.631-10.726-8.2379-17.65-21.174-17.65-35.743 0-24.893 20.177-45.069 45.069-45.069 9.0058 0 17.394 2.631 24.435 7.1812 0.0545 0.031 0.10892 0.062 0.16321 0.0933-7.5652-5.7447-17.001-9.163-27.233-9.163z"/>
        <path id="path2941" style="fill:#000000" inkscape:connector-curvature="0" d="m333.41-418.08c-7.0558 6.0947-13.581 12.878-19.476 20.245-1.9668 3.326-3.8266 6.7255-5.5531 10.212-9.0128 15.912-15.343 33.716-18.188 52.891-6.706 45.192 7.0569 88.697 34.317 121.12-30.809-38.054-42.886-90.184-27.727-140.61 5.5804-18.564 14.423-35.281 25.636-49.727 3.4123-4.9397 7.0661-9.6708 10.991-14.128z"/>
        <path id="path2943" style="fill:#000000" d="m564.23-393.61c1.5445 3.3258 2.9492 6.7079 4.2507 10.131 0.0216 0.0451 0.0377 0.0921 0.0592 0.13708 16.961 35.548 20.296 77.584 5.9556 117.6-14.616 40.783-44.746 71.551-81.363 88.027 30.3-13.382 56.508-36.631 73.269-68.142 25.581-48.094 22.896-103.66-2.1712-147.75z" inkscape:transform-center-x="-111.48369" inkscape:transform-center-y="31.257506" inkscape:connector-curvature="0"/>
        <path id="path2945" style="fill:#000000" d="m362.19-459.78c3.4424-1.2633 6.9294-2.3825 10.448-3.3957 0.0467-0.0178 0.0949-0.0299 0.14152-0.0476 36.832-13.954 79.001-13.79 117.68 3.8199 39.43 17.949 67.592 50.527 80.974 88.385-10.823-31.305-31.817-59.352-61.829-78.669-45.806-29.482-101.4-31.415-147.42-10.092z" inkscape:transform-center-x="-39.563109" inkscape:transform-center-y="-105.61685" inkscape:connector-curvature="0"/>
      </g>
      <rect id="rect3733" style="stroke:#000000;stroke-width:2.6102;fill:none" rx="0" ry="0" height="1310" width="1428.6" y="-331.27" x="-943.2"/>
      <g id="g3808" transform="translate(-379.66 746.14)">
        <path id="path3810" style="fill:#000000" d="m-202.15-97.804c-46.608-27.739-106.88-12.442-134.62 34.166-0.4498 0.75578-0.88198 1.5244-1.3074 2.2879 28.473-44.34 87.204-58.422 132.83-31.265 45.631 27.157 61.261 85.494 35.867 131.67 0.4682-0.73798 0.9377-1.4844 1.3875-2.2402 27.739-46.608 12.442-106.88-34.166-134.62z" inkscape:transform-center-x="-11.027642" inkscape:transform-center-y="-27.939356" inkscape:connector-curvature="0"/>
        <path id="path3812" sodipodi:nodetypes="ccccccccccccccccccccccccscc" style="fill:#000000" inkscape:connector-curvature="0" d="m-259.72-184.6 4.5976 168.44 38.871-81.504-36.781 87.355l104.49-106.58-96.13 106.58 163.84-9.615-162.59 17.555 89.03 40.124-93.63-33.437 91.12 137.09-96.97-132.5 30.1 120.8-34.28-118.71-10.86 65.207 5.43-64.785-102.4 132.5 96.13-137.1-154.65 50.997 152.14-57.262-114.52-3.7614 113.69-1.2539-127.07-109.09 131.25 103.66s-61.023-161.34-59.351-155.48c1.6719 5.8515 64.367 149.21 64.367 149.21z"/>
        <path id="path3814" style="fill:#000000" inkscape:connector-curvature="0" d="m-318.18-47.083c-7.1198 11.198-11.261 24.475-11.261 38.727 0 39.93 32.371 72.302 72.302 72.302 25.71 0 48.269-13.426 61.087-33.644-13.197 17.461-34.132 28.748-57.706 28.748-39.93 0-72.302-32.371-72.302-72.302 0-9.1489 1.7209-17.897 4.8263-25.95 0.87119-2.6964 1.8859-5.3328 3.0544-7.8807z"/>
        <path id="path3816" style="fill:#000000" inkscape:connector-curvature="0" d="m-257.14-53.425c-24.893 0-45.069 20.177-45.069 45.069 0 15.731 8.0686 29.569 20.285 37.631-10.726-8.2379-17.65-21.174-17.65-35.743 0-24.893 20.177-45.069 45.069-45.069 9.0058 0 17.394 2.631 24.435 7.1812 0.0545 0.031 0.10892 0.06204 0.16321 0.09326-7.5652-5.7447-17.001-9.1631-27.233-9.1631z"/>
        <path id="path3818" style="fill:#000000" inkscape:connector-curvature="0" d="m-350.99-109.51c-7.0558 6.0947-13.581 12.878-19.476 20.245-1.9668 3.326-3.8266 6.7255-5.5531 10.212-9.0128 15.912-15.343 33.716-18.188 52.891-6.706 45.192 7.0569 88.697 34.317 121.12-30.809-38.054-42.886-90.184-27.727-140.61 5.5804-18.564 14.423-35.281 25.636-49.727 3.4123-4.9397 7.0661-9.6708 10.991-14.128z"/>
        <path id="path3820" style="fill:#000000" d="m-120.17-85.04c1.5445 3.3258 2.9492 6.7079 4.2507 10.131 0.0216 0.04506 0.0377 0.0921 0.0592 0.13708 16.961 35.548 20.296 77.584 5.9556 117.6-14.616 40.783-44.746 71.551-81.363 88.027 30.3-13.382 56.508-36.631 73.269-68.142 25.581-48.094 22.896-103.66-2.1712-147.75z" inkscape:transform-center-x="-111.48369" inkscape:transform-center-y="31.257506" inkscape:connector-curvature="0"/>
        <path id="path3822" style="fill:#000000" d="m-322.2-151.21c3.4424-1.2633 6.9294-2.3825 10.448-3.3957 0.0467-0.0178 0.0949-0.0299 0.14152-0.0476 36.832-13.954 79.001-13.79 117.68 3.8199 39.43 17.949 67.592 50.527 80.974 88.385-10.823-31.305-31.817-59.352-61.829-78.669-45.806-29.482-101.4-31.415-147.42-10.092z" inkscape:transform-center-x="-39.563109" inkscape:transform-center-y="-105.61685" inkscape:connector-curvature="0"/>
      </g>
      <g id="g3824" transform="matrix(.20283 .97921 -.97921 .20283 192.32 -110.17)">
        <path id="path3826" style="fill:#000000" d="m333.7 334.61c-62.469-37.178-143.25-16.676-180.43 45.793-0.60286 1.013-1.1821 2.0432-1.7522 3.0665 38.162-59.429 116.88-78.303 178.04-41.904 61.159 36.398 82.109 114.59 48.073 176.47 0.62753-0.98912 1.2568-1.9896 1.8597-3.0025 37.178-62.469 16.676-143.25-45.793-180.43z" inkscape:transform-center-x="-14.780364" inkscape:transform-center-y="-37.447162" inkscape:connector-curvature="0"/>
        <path id="path3828" d="m256.55 218.27 6.1622 225.76 52.099-109.24-49.298 117.08 140.05-142.85-128.85 142.85 219.6-12.885-217.92 23.528 119.32 53.779l-125.48-44.8 122.13 183.74-129.97-177.58 40.34 161.9-45.94-159.1-14.57 87.39 7.29-86.83-137.25 177.58 128.84-183.74-207.27 68.34 203.91-76.75-153.49-5.04 152.37-1.68-170.3-146.21 175.9 138.93s-81.789-216.24-79.549-208.39c2.2408 7.8428 86.271 199.99 86.271 199.99z" sodipodi:nodetypes="ccccccccccccccccccccccccscc" style="fill:#000000" inkscape:connector-curvature="0"/>
        <path id="path3830" style="fill:#000000" inkscape:connector-curvature="0" d="m178.19 402.59c-9.5427 15.009-15.094 32.804-15.094 51.906 0 53.519 43.388 96.906 96.906 96.906 34.46 0 64.696-17.996 81.875-45.094-17.688 23.403-45.747 38.531-77.344 38.531-53.519 0-96.906-43.388-96.906-96.906 0-12.262 2.3065-23.988 6.4688-34.781 1.1676-3.614 2.5277-7.1475 4.0938-10.562z"/>
        <path id="path3832" style="fill:#000000" inkscape:connector-curvature="0" d="m260 394.09c-33.364 0-60.406 27.043-60.406 60.406 0 21.085 10.814 39.632 27.188 50.438-14.376-11.041-23.656-28.38-23.656-47.906 0-33.364 27.043-60.406 60.406-60.406 12.07 0 23.313 3.5264 32.75 9.625 0.0729 0.0415 0.14599 0.0831 0.21875 0.125-10.14-7.6996-22.786-12.281-36.5-12.281z"/>
        <path id="path3834" d="m134.22 318.93c-9.4569 8.1688-18.203 17.261-26.104 27.134-2.6361 4.4578-5.1288 9.0142-7.4428 13.687-12.08 21.327-20.564 45.19-24.377 70.889-8.9881 60.571 9.4583 118.88 45.996 162.33-41.29-51.01-57.476-120.88-37.159-188.46 7.4794-24.881 19.331-47.287 34.36-66.649 4.5736-6.6207 9.4707-12.962 14.731-18.936z" style="fill:#000000" inkscape:connector-curvature="0"/>
        <path id="path3836" style="fill:#000000" d="m443.58 351.72c2.0701 4.4576 3.9528 8.9906 5.6973 13.578 0.0289 0.0604 0.0505 0.12344 0.0793 0.18373 22.733 47.645 27.202 103.99 7.9823 157.61-19.59 54.662-59.973 95.899-109.05 117.98 40.61-17.936 75.738-49.096 98.203-91.331 34.286-64.46 30.687-138.93-2.9101-198.03z" inkscape:transform-center-x="-149.42171" inkscape:transform-center-y="41.894479" inkscape:connector-curvature="0"/>
        <path id="path3838" style="fill:#000000" d="m172.8 263.03c4.6139-1.6932 9.2875-3.1933 14.004-4.5513 0.0626-0.0238 0.1272-0.0401 0.18968-0.0638 49.366-18.703 105.88-18.482 157.73 5.1198 52.848 24.057 90.594 67.722 108.53 118.46-14.5-41.95-42.64-79.54-82.87-105.43-61.39-39.52-135.9-42.11-197.58-13.53z" inkscape:transform-center-x="-53.026495" inkscape:transform-center-y="-141.55842" inkscape:connector-curvature="0"/>
      </g>
    </g>
  </g>
  <metadata>
    <rdf:RDF>
      <cc:Work>
        <dc:format>image/svg+xml</dc:format>
        <dc:type rdf:resource="http://purl.org/dc/dcmitype/StillImage"/>
        <cc:license rdf:resource="http://creativecommons.org/licenses/publicdomain/"/>
        <dc:publisher>
          <cc:Agent rdf:about="http://openclipart.org/">
            <dc:title>Openclipart</dc:title>
          </cc:Agent>
        </dc:publisher>
        <dc:title>Bullet holes</dc:title>
        <dc:date>2011-04-05T22:16:26</dc:date>
        <dc:description/>
        <dc:source>https://openclipart.org/detail/131263/bullet-holes-by-rones</dc:source>
        <dc:creator>
          <cc:Agent>
            <dc:title>rones</dc:title>
          </cc:Agent>
        </dc:creator>
        <dc:subject>
          <rdf:Bag>
            <rdf:li>bullet</rdf:li>
            <rdf:li>glass</rdf:li>
            <rdf:li>hole</rdf:li>
            <rdf:li>shot</rdf:li>
          </rdf:Bag>
        </dc:subject>
      </cc:Work>
      <cc:License rdf:about="http://creativecommons.org/licenses/publicdomain/">
        <cc:permits rdf:resource="http://creativecommons.org/ns#Reproduction"/>
        <cc:permits rdf:resource="http://creativecommons.org/ns#Distribution"/>
        <cc:permits rdf:resource="http://creativecommons.org/ns#DerivativeWorks"/>
      </cc:License>
    </rdf:RDF>
  </metadata>
</svg>